S(10000)


M(2,3,10000)

9216     9216
M(2,5,10000)

10000     19216
M(2,7,10000)

9604     28820
M(2,11,10000)

7744     36564
M(2,13,10000)

8788     45352
M(2,17,10000)

9826     55178
M(2,19,10000)

9728     64906
M(2,23,10000)

8464     73370
M(2,29,10000)

7424     80794
M(2,31,10000)

7936     88730
M(2,37,10000)

9472     98202
M(2,41,10000)

6724     104926
M(2,43,10000)

7396     112322
M(2,47,10000)

8836     121158
M(2,53,10000)

6784     127942
M(2,59,10000)

7552     135494
M(2,61,10000)

7808     143302
M(2,67,10000)

8978     152280
M(2,71,10000)

9088     161368
M(2,73,10000)

9344     170712
M(2,79,10000)

5056     175768
M(2,83,10000)

5312     181080
M(2,89,10000)

5696     186776
M(2,97,10000)

6208     192984
M(2,101,10000)

6464     199448
M(2,103,10000)

6592     206040
M(2,107,10000)

6848     212888
M(2,109,10000)

6976     219864
M(2,113,10000)

7232     227096
M(2,127,10000)

8128     235224
M(2,131,10000)

8384     243608
M(2,137,10000)

8768     252376
M(2,139,10000)

8896     261272
M(2,149,10000)

9536     270808
M(2,151,10000)

9664     280472
M(2,157,10000)

5024     285496
M(2,163,10000)

5216     290712
M(2,167,10000)

5344     296056
M(2,173,10000)

5536     301592
M(2,179,10000)

5728     307320
M(2,181,10000)

5792     313112
M(2,191,10000)

6112     319224
M(2,193,10000)

6176     325400
M(2,197,10000)

6304     331704
M(2,199,10000)

6368     338072
M(2,211,10000)

6752     344824
M(2,223,10000)

7136     351960
M(2,227,10000)

7264     359224
M(2,229,10000)

7328     366552
M(2,233,10000)

7456     374008
M(2,239,10000)

7648     381656
M(2,241,10000)

7712     389368
M(2,251,10000)

8032     397400
M(2,257,10000)

8224     405624
M(2,263,10000)

8416     414040
M(2,269,10000)

8608     422648
M(2,271,10000)

8672     431320
M(2,277,10000)

8864     440184
M(2,281,10000)

8992     449176
M(2,283,10000)

9056     458232
M(2,293,10000)

9376     467608
M(2,307,10000)

9824     477432
M(2,311,10000)

9952     487384
M(2,313,10000)

5008     492392
M(2,317,10000)

5072     497464
M(2,331,10000)

5296     502760
M(2,337,10000)

5392     508152
M(2,347,10000)

5552     513704
M(2,349,10000)

5584     519288
M(2,353,10000)

5648     524936
M(2,359,10000)

5744     530680
M(2,367,10000)

5872     536552
M(2,373,10000)

5968     542520
M(2,379,10000)

6064     548584
M(2,383,10000)

6128     554712
M(2,389,10000)

6224     560936
M(2,397,10000)

6352     567288
M(2,401,10000)

6416     573704
M(2,409,10000)

6544     580248
M(2,419,10000)

6704     586952
M(2,421,10000)

6736     593688
M(2,431,10000)

6896     600584
M(2,433,10000)

6928     607512
M(2,439,10000)

7024     614536
M(2,443,10000)

7088     621624
M(2,449,10000)

7184     628808
M(2,457,10000)

7312     636120
M(2,461,10000)

7376     643496
M(2,463,10000)

7408     650904
M(2,467,10000)

7472     658376
M(2,479,10000)

7664     666040
M(2,487,10000)

7792     673832
M(2,491,10000)

7856     681688
M(2,499,10000)

7984     689672
M(2,503,10000)

8048     697720
M(2,509,10000)

8144     705864
M(2,521,10000)

8336     714200
M(2,523,10000)

8368     722568
M(2,541,10000)

8656     731224
M(2,547,10000)

8752     739976
M(2,557,10000)

8912     748888
M(2,563,10000)

9008     757896
M(2,569,10000)

9104     767000
M(2,571,10000)

9136     776136
M(2,577,10000)

9232     785368
M(2,587,10000)

9392     794760
M(2,593,10000)

9488     804248
M(2,599,10000)

9584     813832
M(2,601,10000)

9616     823448
M(2,607,10000)

9712     833160
M(2,613,10000)

9808     842968
M(2,617,10000)

9872     852840
M(2,619,10000)

9904     862744
M(2,631,10000)

5048     867792
M(2,641,10000)

5128     872920
M(2,643,10000)

5144     878064
M(2,647,10000)

5176     883240
M(2,653,10000)

5224     888464
M(2,659,10000)

5272     893736
M(2,661,10000)

5288     899024
M(2,673,10000)

5384     904408
M(2,677,10000)

5416     909824
M(2,683,10000)

5464     915288
M(2,691,10000)

5528     920816
M(2,701,10000)

5608     926424
M(2,709,10000)

5672     932096
M(2,719,10000)

5752     937848
M(2,727,10000)

5816     943664
M(2,733,10000)

5864     949528
M(2,739,10000)

5912     955440
M(2,743,10000)

5944     961384
M(2,751,10000)

6008     967392
M(2,757,10000)

6056     973448
M(2,761,10000)

6088     979536
M(2,769,10000)

6152     985688
M(2,773,10000)

6184     991872
M(2,787,10000)

6296     998168
M(2,797,10000)

6376     1004544
M(2,809,10000)

6472     1011016
M(2,811,10000)

6488     1017504
M(2,821,10000)

6568     1024072
M(2,823,10000)

6584     1030656
M(2,827,10000)

6616     1037272
M(2,829,10000)

6632     1043904
M(2,839,10000)

6712     1050616
M(2,853,10000)

6824     1057440
M(2,857,10000)

6856     1064296
M(2,859,10000)

6872     1071168
M(2,863,10000)

6904     1078072
M(2,877,10000)

7016     1085088
M(2,881,10000)

7048     1092136
M(2,883,10000)

7064     1099200
M(2,887,10000)

7096     1106296
M(2,907,10000)

7256     1113552
M(2,911,10000)

7288     1120840
M(2,919,10000)

7352     1128192
M(2,929,10000)

7432     1135624
M(2,937,10000)

7496     1143120
M(2,941,10000)

7528     1150648
M(2,947,10000)

7576     1158224
M(2,953,10000)

7624     1165848
M(2,967,10000)

7736     1173584
M(2,971,10000)

7768     1181352
M(2,977,10000)

7816     1189168
M(2,983,10000)

7864     1197032
M(2,991,10000)

7928     1204960
M(2,997,10000)

7976     1212936
M(2,1009,10000)

8072     1221008
M(2,1013,10000)

8104     1229112
M(2,1019,10000)

8152     1237264
M(2,1021,10000)

8168     1245432
M(2,1031,10000)

8248     1253680
M(2,1033,10000)

8264     1261944
M(2,1039,10000)

8312     1270256
M(2,1049,10000)

8392     1278648
M(2,1051,10000)

8408     1287056
M(2,1061,10000)

8488     1295544
M(2,1063,10000)

8504     1304048
M(2,1069,10000)

8552     1312600
M(2,1087,10000)

8696     1321296
M(2,1091,10000)

8728     1330024
M(2,1093,10000)

8744     1338768
M(2,1097,10000)

8776     1347544
M(2,1103,10000)

8824     1356368
M(2,1109,10000)

8872     1365240
M(2,1117,10000)

8936     1374176
M(2,1123,10000)

8984     1383160
M(2,1129,10000)

9032     1392192
M(2,1151,10000)

9208     1401400
M(2,1153,10000)

9224     1410624
M(2,1163,10000)

9304     1419928
M(2,1171,10000)

9368     1429296
M(2,1181,10000)

9448     1438744
M(2,1187,10000)

9496     1448240
M(2,1193,10000)

9544     1457784
M(2,1201,10000)

9608     1467392
M(2,1213,10000)

9704     1477096
M(2,1217,10000)

9736     1486832
M(2,1223,10000)

9784     1496616
M(2,1229,10000)

9832     1506448
M(2,1231,10000)

9848     1516296
M(2,1237,10000)

9896     1526192
M(2,1249,10000)

9992     1536184
M(2,1259,10000)

5036     1541220
M(2,1277,10000)

5108     1546328
M(2,1279,10000)

5116     1551444
M(2,1283,10000)

5132     1556576
M(2,1289,10000)

5156     1561732
M(2,1291,10000)

5164     1566896
M(2,1297,10000)

5188     1572084
M(2,1301,10000)

5204     1577288
M(2,1303,10000)

5212     1582500
M(2,1307,10000)

5228     1587728
M(2,1319,10000)

5276     1593004
M(2,1321,10000)

5284     1598288
M(2,1327,10000)

5308     1603596
M(2,1361,10000)

5444     1609040
M(2,1367,10000)

5468     1614508
M(2,1373,10000)

5492     1620000
M(2,1381,10000)

5524     1625524
M(2,1399,10000)

5596     1631120
M(2,1409,10000)

5636     1636756
M(2,1423,10000)

5692     1642448
M(2,1427,10000)

5708     1648156
M(2,1429,10000)

5716     1653872
M(2,1433,10000)

5732     1659604
M(2,1439,10000)

5756     1665360
M(2,1447,10000)

5788     1671148
M(2,1451,10000)

5804     1676952
M(2,1453,10000)

5812     1682764
M(2,1459,10000)

5836     1688600
M(2,1471,10000)

5884     1694484
M(2,1481,10000)

5924     1700408
M(2,1483,10000)

5932     1706340
M(2,1487,10000)

5948     1712288
M(2,1489,10000)

5956     1718244
M(2,1493,10000)

5972     1724216
M(2,1499,10000)

5996     1730212
M(2,1511,10000)

6044     1736256
M(2,1523,10000)

6092     1742348
M(2,1531,10000)

6124     1748472
M(2,1543,10000)

6172     1754644
M(2,1549,10000)

6196     1760840
M(2,1553,10000)

6212     1767052
M(2,1559,10000)

6236     1773288
M(2,1567,10000)

6268     1779556
M(2,1571,10000)

6284     1785840
M(2,1579,10000)

6316     1792156
M(2,1583,10000)

6332     1798488
M(2,1597,10000)

6388     1804876
M(2,1601,10000)

6404     1811280
M(2,1607,10000)

6428     1817708
M(2,1609,10000)

6436     1824144
M(2,1613,10000)

6452     1830596
M(2,1619,10000)

6476     1837072
M(2,1621,10000)

6484     1843556
M(2,1627,10000)

6508     1850064
M(2,1637,10000)

6548     1856612
M(2,1657,10000)

6628     1863240
M(2,1663,10000)

6652     1869892
M(2,1667,10000)

6668     1876560
M(2,1669,10000)

6676     1883236
M(2,1693,10000)

6772     1890008
M(2,1697,10000)

6788     1896796
M(2,1699,10000)

6796     1903592
M(2,1709,10000)

6836     1910428
M(2,1721,10000)

6884     1917312
M(2,1723,10000)

6892     1924204
M(2,1733,10000)

6932     1931136
M(2,1741,10000)

6964     1938100
M(2,1747,10000)

6988     1945088
M(2,1753,10000)

7012     1952100
M(2,1759,10000)

7036     1959136
M(2,1777,10000)

7108     1966244
M(2,1783,10000)

7132     1973376
M(2,1787,10000)

7148     1980524
M(2,1789,10000)

7156     1987680
M(2,1801,10000)

7204     1994884
M(2,1811,10000)

7244     2002128
M(2,1823,10000)

7292     2009420
M(2,1831,10000)

7324     2016744
M(2,1847,10000)

7388     2024132
M(2,1861,10000)

7444     2031576
M(2,1867,10000)

7468     2039044
M(2,1871,10000)

7484     2046528
M(2,1873,10000)

7492     2054020
M(2,1877,10000)

7508     2061528
M(2,1879,10000)

7516     2069044
M(2,1889,10000)

7556     2076600
M(2,1901,10000)

7604     2084204
M(2,1907,10000)

7628     2091832
M(2,1913,10000)

7652     2099484
M(2,1931,10000)

7724     2107208
M(2,1933,10000)

7732     2114940
M(2,1949,10000)

7796     2122736
M(2,1951,10000)

7804     2130540
M(2,1973,10000)

7892     2138432
M(2,1979,10000)

7916     2146348
M(2,1987,10000)

7948     2154296
M(2,1993,10000)

7972     2162268
M(2,1997,10000)

7988     2170256
M(2,1999,10000)

7996     2178252
M(2,2003,10000)

8012     2186264
M(2,2011,10000)

8044     2194308
M(2,2017,10000)

8068     2202376
M(2,2027,10000)

8108     2210484
M(2,2029,10000)

8116     2218600
M(2,2039,10000)

8156     2226756
M(2,2053,10000)

8212     2234968
M(2,2063,10000)

8252     2243220
M(2,2069,10000)

8276     2251496
M(2,2081,10000)

8324     2259820
M(2,2083,10000)

8332     2268152
M(2,2087,10000)

8348     2276500
M(2,2089,10000)

8356     2284856
M(2,2099,10000)

8396     2293252
M(2,2111,10000)

8444     2301696
M(2,2113,10000)

8452     2310148
M(2,2129,10000)

8516     2318664
M(2,2131,10000)

8524     2327188
M(2,2137,10000)

8548     2335736
M(2,2141,10000)

8564     2344300
M(2,2143,10000)

8572     2352872
M(2,2153,10000)

8612     2361484
M(2,2161,10000)

8644     2370128
M(2,2179,10000)

8716     2378844
M(2,2203,10000)

8812     2387656
M(2,2207,10000)

8828     2396484
M(2,2213,10000)

8852     2405336
M(2,2221,10000)

8884     2414220
M(2,2237,10000)

8948     2423168
M(2,2239,10000)

8956     2432124
M(2,2243,10000)

8972     2441096
M(2,2251,10000)

9004     2450100
M(2,2267,10000)

9068     2459168
M(2,2269,10000)

9076     2468244
M(2,2273,10000)

9092     2477336
M(2,2281,10000)

9124     2486460
M(2,2287,10000)

9148     2495608
M(2,2293,10000)

9172     2504780
M(2,2297,10000)

9188     2513968
M(2,2309,10000)

9236     2523204
M(2,2311,10000)

9244     2532448
M(2,2333,10000)

9332     2541780
M(2,2339,10000)

9356     2551136
M(2,2341,10000)

9364     2560500
M(2,2347,10000)

9388     2569888
M(2,2351,10000)

9404     2579292
M(2,2357,10000)

9428     2588720
M(2,2371,10000)

9484     2598204
M(2,2377,10000)

9508     2607712
M(2,2381,10000)

9524     2617236
M(2,2383,10000)

9532     2626768
M(2,2389,10000)

9556     2636324
M(2,2393,10000)

9572     2645896
M(2,2399,10000)

9596     2655492
M(2,2411,10000)

9644     2665136
M(2,2417,10000)

9668     2674804
M(2,2423,10000)

9692     2684496
M(2,2437,10000)

9748     2694244
M(2,2441,10000)

9764     2704008
M(2,2447,10000)

9788     2713796
M(2,2459,10000)

9836     2723632
M(2,2467,10000)

9868     2733500
M(2,2473,10000)

9892     2743392
M(2,2477,10000)

9908     2753300
M(2,2503,10000)

5006     2758306
M(2,2521,10000)

5042     2763348
M(2,2531,10000)

5062     2768410
M(2,2539,10000)

5078     2773488
M(2,2543,10000)

5086     2778574
M(2,2549,10000)

5098     2783672
M(2,2551,10000)

5102     2788774
M(2,2557,10000)

5114     2793888
M(2,2579,10000)

5158     2799046
M(2,2591,10000)

5182     2804228
M(2,2593,10000)

5186     2809414
M(2,2609,10000)

5218     2814632
M(2,2617,10000)

5234     2819866
M(2,2621,10000)

5242     2825108
M(2,2633,10000)

5266     2830374
M(2,2647,10000)

5294     2835668
M(2,2657,10000)

5314     2840982
M(2,2659,10000)

5318     2846300
M(2,2663,10000)

5326     2851626
M(2,2671,10000)

5342     2856968
M(2,2677,10000)

5354     2862322
M(2,2683,10000)

5366     2867688
M(2,2687,10000)

5374     2873062
M(2,2689,10000)

5378     2878440
M(2,2693,10000)

5386     2883826
M(2,2699,10000)

5398     2889224
M(2,2707,10000)

5414     2894638
M(2,2711,10000)

5422     2900060
M(2,2713,10000)

5426     2905486
M(2,2719,10000)

5438     2910924
M(2,2729,10000)

5458     2916382
M(2,2731,10000)

5462     2921844
M(2,2741,10000)

5482     2927326
M(2,2749,10000)

5498     2932824
M(2,2753,10000)

5506     2938330
M(2,2767,10000)

5534     2943864
M(2,2777,10000)

5554     2949418
M(2,2789,10000)

5578     2954996
M(2,2791,10000)

5582     2960578
M(2,2797,10000)

5594     2966172
M(2,2801,10000)

5602     2971774
M(2,2803,10000)

5606     2977380
M(2,2819,10000)

5638     2983018
M(2,2833,10000)

5666     2988684
M(2,2837,10000)

5674     2994358
M(2,2843,10000)

5686     3000044
M(2,2851,10000)

5702     3005746
M(2,2857,10000)

5714     3011460
M(2,2861,10000)

5722     3017182
M(2,2879,10000)

5758     3022940
M(2,2887,10000)

5774     3028714
M(2,2897,10000)

5794     3034508
M(2,2903,10000)

5806     3040314
M(2,2909,10000)

5818     3046132
M(2,2917,10000)

5834     3051966
M(2,2927,10000)

5854     3057820
M(2,2939,10000)

5878     3063698
M(2,2953,10000)

5906     3069604
M(2,2957,10000)

5914     3075518
M(2,2963,10000)

5926     3081444
M(2,2969,10000)

5938     3087382
M(2,2971,10000)

5942     3093324
M(2,2999,10000)

5998     3099322
M(2,3001,10000)

6002     3105324
M(2,3011,10000)

6022     3111346
M(2,3019,10000)

6038     3117384
M(2,3023,10000)

6046     3123430
M(2,3037,10000)

6074     3129504
M(2,3041,10000)

6082     3135586
M(2,3049,10000)

6098     3141684
M(2,3061,10000)

6122     3147806
M(2,3067,10000)

6134     3153940
M(2,3079,10000)

6158     3160098
M(2,3083,10000)

6166     3166264
M(2,3089,10000)

6178     3172442
M(2,3109,10000)

6218     3178660
M(2,3119,10000)

6238     3184898
M(2,3121,10000)

6242     3191140
M(2,3137,10000)

6274     3197414
M(2,3163,10000)

6326     3203740
M(2,3167,10000)

6334     3210074
M(2,3169,10000)

6338     3216412
M(2,3181,10000)

6362     3222774
M(2,3187,10000)

6374     3229148
M(2,3191,10000)

6382     3235530
M(2,3203,10000)

6406     3241936
M(2,3209,10000)

6418     3248354
M(2,3217,10000)

6434     3254788
M(2,3221,10000)

6442     3261230
M(2,3229,10000)

6458     3267688
M(2,3251,10000)

6502     3274190
M(2,3253,10000)

6506     3280696
M(2,3257,10000)

6514     3287210
M(2,3259,10000)

6518     3293728
M(2,3271,10000)

6542     3300270
M(2,3299,10000)

6598     3306868
M(2,3301,10000)

6602     3313470
M(2,3307,10000)

6614     3320084
M(2,3313,10000)

6626     3326710
M(2,3319,10000)

6638     3333348
M(2,3323,10000)

6646     3339994
M(2,3329,10000)

6658     3346652
M(2,3331,10000)

6662     3353314
M(2,3343,10000)

6686     3360000
M(2,3347,10000)

6694     3366694
M(2,3359,10000)

6718     3373412
M(2,3361,10000)

6722     3380134
M(2,3371,10000)

6742     3386876
M(2,3373,10000)

6746     3393622
M(2,3389,10000)

6778     3400400
M(2,3391,10000)

6782     3407182
M(2,3407,10000)

6814     3413996
M(2,3413,10000)

6826     3420822
M(2,3433,10000)

6866     3427688
M(2,3449,10000)

6898     3434586
M(2,3457,10000)

6914     3441500
M(2,3461,10000)

6922     3448422
M(2,3463,10000)

6926     3455348
M(2,3467,10000)

6934     3462282
M(2,3469,10000)

6938     3469220
M(2,3491,10000)

6982     3476202
M(2,3499,10000)

6998     3483200
M(2,3511,10000)

7022     3490222
M(2,3517,10000)

7034     3497256
M(2,3527,10000)

7054     3504310
M(2,3529,10000)

7058     3511368
M(2,3533,10000)

7066     3518434
M(2,3539,10000)

7078     3525512
M(2,3541,10000)

7082     3532594
M(2,3547,10000)

7094     3539688
M(2,3557,10000)

7114     3546802
M(2,3559,10000)

7118     3553920
M(2,3571,10000)

7142     3561062
M(2,3581,10000)

7162     3568224
M(2,3583,10000)

7166     3575390
M(2,3593,10000)

7186     3582576
M(2,3607,10000)

7214     3589790
M(2,3613,10000)

7226     3597016
M(2,3617,10000)

7234     3604250
M(2,3623,10000)

7246     3611496
M(2,3631,10000)

7262     3618758
M(2,3637,10000)

7274     3626032
M(2,3643,10000)

7286     3633318
M(2,3659,10000)

7318     3640636
M(2,3671,10000)

7342     3647978
M(2,3673,10000)

7346     3655324
M(2,3677,10000)

7354     3662678
M(2,3691,10000)

7382     3670060
M(2,3697,10000)

7394     3677454
M(2,3701,10000)

7402     3684856
M(2,3709,10000)

7418     3692274
M(2,3719,10000)

7438     3699712
M(2,3727,10000)

7454     3707166
M(2,3733,10000)

7466     3714632
M(2,3739,10000)

7478     3722110
M(2,3761,10000)

7522     3729632
M(2,3767,10000)

7534     3737166
M(2,3769,10000)

7538     3744704
M(2,3779,10000)

7558     3752262
M(2,3793,10000)

7586     3759848
M(2,3797,10000)

7594     3767442
M(2,3803,10000)

7606     3775048
M(2,3821,10000)

7642     3782690
M(2,3823,10000)

7646     3790336
M(2,3833,10000)

7666     3798002
M(2,3847,10000)

7694     3805696
M(2,3851,10000)

7702     3813398
M(2,3853,10000)

7706     3821104
M(2,3863,10000)

7726     3828830
M(2,3877,10000)

7754     3836584
M(2,3881,10000)

7762     3844346
M(2,3889,10000)

7778     3852124
M(2,3907,10000)

7814     3859938
M(2,3911,10000)

7822     3867760
M(2,3917,10000)

7834     3875594
M(2,3919,10000)

7838     3883432
M(2,3923,10000)

7846     3891278
M(2,3929,10000)

7858     3899136
M(2,3931,10000)

7862     3906998
M(2,3943,10000)

7886     3914884
M(2,3947,10000)

7894     3922778
M(2,3967,10000)

7934     3930712
M(2,3989,10000)

7978     3938690
M(2,4001,10000)

8002     3946692
M(2,4003,10000)

8006     3954698
M(2,4007,10000)

8014     3962712
M(2,4013,10000)

8026     3970738
M(2,4019,10000)

8038     3978776
M(2,4021,10000)

8042     3986818
M(2,4027,10000)

8054     3994872
M(2,4049,10000)

8098     4002970
M(2,4051,10000)

8102     4011072
M(2,4057,10000)

8114     4019186
M(2,4073,10000)

8146     4027332
M(2,4079,10000)

8158     4035490
M(2,4091,10000)

8182     4043672
M(2,4093,10000)

8186     4051858
M(2,4099,10000)

8198     4060056
M(2,4111,10000)

8222     4068278
M(2,4127,10000)

8254     4076532
M(2,4129,10000)

8258     4084790
M(2,4133,10000)

8266     4093056
M(2,4139,10000)

8278     4101334
M(2,4153,10000)

8306     4109640
M(2,4157,10000)

8314     4117954
M(2,4159,10000)

8318     4126272
M(2,4177,10000)

8354     4134626
M(2,4201,10000)

8402     4143028
M(2,4211,10000)

8422     4151450
M(2,4217,10000)

8434     4159884
M(2,4219,10000)

8438     4168322
M(2,4229,10000)

8458     4176780
M(2,4231,10000)

8462     4185242
M(2,4241,10000)

8482     4193724
M(2,4243,10000)

8486     4202210
M(2,4253,10000)

8506     4210716
M(2,4259,10000)

8518     4219234
M(2,4261,10000)

8522     4227756
M(2,4271,10000)

8542     4236298
M(2,4273,10000)

8546     4244844
M(2,4283,10000)

8566     4253410
M(2,4289,10000)

8578     4261988
M(2,4297,10000)

8594     4270582
M(2,4327,10000)

8654     4279236
M(2,4337,10000)

8674     4287910
M(2,4339,10000)

8678     4296588
M(2,4349,10000)

8698     4305286
M(2,4357,10000)

8714     4314000
M(2,4363,10000)

8726     4322726
M(2,4373,10000)

8746     4331472
M(2,4391,10000)

8782     4340254
M(2,4397,10000)

8794     4349048
M(2,4409,10000)

8818     4357866
M(2,4421,10000)

8842     4366708
M(2,4423,10000)

8846     4375554
M(2,4441,10000)

8882     4384436
M(2,4447,10000)

8894     4393330
M(2,4451,10000)

8902     4402232
M(2,4457,10000)

8914     4411146
M(2,4463,10000)

8926     4420072
M(2,4481,10000)

8962     4429034
M(2,4483,10000)

8966     4438000
M(2,4493,10000)

8986     4446986
M(2,4507,10000)

9014     4456000
M(2,4513,10000)

9026     4465026
M(2,4517,10000)

9034     4474060
M(2,4519,10000)

9038     4483098
M(2,4523,10000)

9046     4492144
M(2,4547,10000)

9094     4501238
M(2,4549,10000)

9098     4510336
M(2,4561,10000)

9122     4519458
M(2,4567,10000)

9134     4528592
M(2,4583,10000)

9166     4537758
M(2,4591,10000)

9182     4546940
M(2,4597,10000)

9194     4556134
M(2,4603,10000)

9206     4565340
M(2,4621,10000)

9242     4574582
M(2,4637,10000)

9274     4583856
M(2,4639,10000)

9278     4593134
M(2,4643,10000)

9286     4602420
M(2,4649,10000)

9298     4611718
M(2,4651,10000)

9302     4621020
M(2,4657,10000)

9314     4630334
M(2,4663,10000)

9326     4639660
M(2,4673,10000)

9346     4649006
M(2,4679,10000)

9358     4658364
M(2,4691,10000)

9382     4667746
M(2,4703,10000)

9406     4677152
M(2,4721,10000)

9442     4686594
M(2,4723,10000)

9446     4696040
M(2,4729,10000)

9458     4705498
M(2,4733,10000)

9466     4714964
M(2,4751,10000)

9502     4724466
M(2,4759,10000)

9518     4733984
M(2,4783,10000)

9566     4743550
M(2,4787,10000)

9574     4753124
M(2,4789,10000)

9578     4762702
M(2,4793,10000)

9586     4772288
M(2,4799,10000)

9598     4781886
M(2,4801,10000)

9602     4791488
M(2,4813,10000)

9626     4801114
M(2,4817,10000)

9634     4810748
M(2,4831,10000)

9662     4820410
M(2,4861,10000)

9722     4830132
M(2,4871,10000)

9742     4839874
M(2,4877,10000)

9754     4849628
M(2,4889,10000)

9778     4859406
M(2,4903,10000)

9806     4869212
M(2,4909,10000)

9818     4879030
M(2,4919,10000)

9838     4888868
M(2,4931,10000)

9862     4898730
M(2,4933,10000)

9866     4908596
M(2,4937,10000)

9874     4918470
M(2,4943,10000)

9886     4928356
M(2,4951,10000)

9902     4938258
M(2,4957,10000)

9914     4948172
M(2,4967,10000)

9934     4958106
M(2,4969,10000)

9938     4968044
M(2,4973,10000)

9946     4977990
M(2,4987,10000)

9974     4987964
M(2,4993,10000)

9986     4997950
M(2,4999,10000)

9998     5007948
M(2,5003,10000)

0     5007948
M(2,5009,10000)

0     5007948
M(2,5011,10000)

0     5007948
M(2,5021,10000)

0     5007948
M(2,5023,10000)

0     5007948
M(2,5039,10000)

0     5007948
M(2,5051,10000)

0     5007948
M(2,5059,10000)

0     5007948
M(2,5077,10000)

0     5007948
M(2,5081,10000)

0     5007948
M(2,5087,10000)

0     5007948
M(2,5099,10000)

0     5007948
M(2,5101,10000)

0     5007948
M(2,5107,10000)

0     5007948
M(2,5113,10000)

0     5007948
M(2,5119,10000)

0     5007948
M(2,5147,10000)

0     5007948
M(2,5153,10000)

0     5007948
M(2,5167,10000)

0     5007948
M(2,5171,10000)

0     5007948
M(2,5179,10000)

0     5007948
M(2,5189,10000)

0     5007948
M(2,5197,10000)

0     5007948
M(2,5209,10000)

0     5007948
M(2,5227,10000)

0     5007948
M(2,5231,10000)

0     5007948
M(2,5233,10000)

0     5007948
M(2,5237,10000)

0     5007948
M(2,5261,10000)

0     5007948
M(2,5273,10000)

0     5007948
M(2,5279,10000)

0     5007948
M(2,5281,10000)

0     5007948
M(2,5297,10000)

0     5007948
M(2,5303,10000)

0     5007948
M(2,5309,10000)

0     5007948
M(2,5323,10000)

0     5007948
M(2,5333,10000)

0     5007948
M(2,5347,10000)

0     5007948
M(2,5351,10000)

0     5007948
M(2,5381,10000)

0     5007948
M(2,5387,10000)

0     5007948
M(2,5393,10000)

0     5007948
M(2,5399,10000)

0     5007948
M(2,5407,10000)

0     5007948
M(2,5413,10000)

0     5007948
M(2,5417,10000)

0     5007948
M(2,5419,10000)

0     5007948
M(2,5431,10000)

0     5007948
M(2,5437,10000)

0     5007948
M(2,5441,10000)

0     5007948
M(2,5443,10000)

0     5007948
M(2,5449,10000)

0     5007948
M(2,5471,10000)

0     5007948
M(2,5477,10000)

0     5007948
M(2,5479,10000)

0     5007948
M(2,5483,10000)

0     5007948
M(2,5501,10000)

0     5007948
M(2,5503,10000)

0     5007948
M(2,5507,10000)

0     5007948
M(2,5519,10000)

0     5007948
M(2,5521,10000)

0     5007948
M(2,5527,10000)

0     5007948
M(2,5531,10000)

0     5007948
M(2,5557,10000)

0     5007948
M(2,5563,10000)

0     5007948
M(2,5569,10000)

0     5007948
M(2,5573,10000)

0     5007948
M(2,5581,10000)

0     5007948
M(2,5591,10000)

0     5007948
M(2,5623,10000)

0     5007948
M(2,5639,10000)

0     5007948
M(2,5641,10000)

0     5007948
M(2,5647,10000)

0     5007948
M(2,5651,10000)

0     5007948
M(2,5653,10000)

0     5007948
M(2,5657,10000)

0     5007948
M(2,5659,10000)

0     5007948
M(2,5669,10000)

0     5007948
M(2,5683,10000)

0     5007948
M(2,5689,10000)

0     5007948
M(2,5693,10000)

0     5007948
M(2,5701,10000)

0     5007948
M(2,5711,10000)

0     5007948
M(2,5717,10000)

0     5007948
M(2,5737,10000)

0     5007948
M(2,5741,10000)

0     5007948
M(2,5743,10000)

0     5007948
M(2,5749,10000)

0     5007948
M(2,5779,10000)

0     5007948
M(2,5783,10000)

0     5007948
M(2,5791,10000)

0     5007948
M(2,5801,10000)

0     5007948
M(2,5807,10000)

0     5007948
M(2,5813,10000)

0     5007948
M(2,5821,10000)

0     5007948
M(2,5827,10000)

0     5007948
M(2,5839,10000)

0     5007948
M(2,5843,10000)

0     5007948
M(2,5849,10000)

0     5007948
M(2,5851,10000)

0     5007948
M(2,5857,10000)

0     5007948
M(2,5861,10000)

0     5007948
M(2,5867,10000)

0     5007948
M(2,5869,10000)

0     5007948
M(2,5879,10000)

0     5007948
M(2,5881,10000)

0     5007948
M(2,5897,10000)

0     5007948
M(2,5903,10000)

0     5007948
M(2,5923,10000)

0     5007948
M(2,5927,10000)

0     5007948
M(2,5939,10000)

0     5007948
M(2,5953,10000)

0     5007948
M(2,5981,10000)

0     5007948
M(2,5987,10000)

0     5007948
M(2,6007,10000)

0     5007948
M(2,6011,10000)

0     5007948
M(2,6029,10000)

0     5007948
M(2,6037,10000)

0     5007948
M(2,6043,10000)

0     5007948
M(2,6047,10000)

0     5007948
M(2,6053,10000)

0     5007948
M(2,6067,10000)

0     5007948
M(2,6073,10000)

0     5007948
M(2,6079,10000)

0     5007948
M(2,6089,10000)

0     5007948
M(2,6091,10000)

0     5007948
M(2,6101,10000)

0     5007948
M(2,6113,10000)

0     5007948
M(2,6121,10000)

0     5007948
M(2,6131,10000)

0     5007948
M(2,6133,10000)

0     5007948
M(2,6143,10000)

0     5007948
M(2,6151,10000)

0     5007948
M(2,6163,10000)

0     5007948
M(2,6173,10000)

0     5007948
M(2,6197,10000)

0     5007948
M(2,6199,10000)

0     5007948
M(2,6203,10000)

0     5007948
M(2,6211,10000)

0     5007948
M(2,6217,10000)

0     5007948
M(2,6221,10000)

0     5007948
M(2,6229,10000)

0     5007948
M(2,6247,10000)

0     5007948
M(2,6257,10000)

0     5007948
M(2,6263,10000)

0     5007948
M(2,6269,10000)

0     5007948
M(2,6271,10000)

0     5007948
M(2,6277,10000)

0     5007948
M(2,6287,10000)

0     5007948
M(2,6299,10000)

0     5007948
M(2,6301,10000)

0     5007948
M(2,6311,10000)

0     5007948
M(2,6317,10000)

0     5007948
M(2,6323,10000)

0     5007948
M(2,6329,10000)

0     5007948
M(2,6337,10000)

0     5007948
M(2,6343,10000)

0     5007948
M(2,6353,10000)

0     5007948
M(2,6359,10000)

0     5007948
M(2,6361,10000)

0     5007948
M(2,6367,10000)

0     5007948
M(2,6373,10000)

0     5007948
M(2,6379,10000)

0     5007948
M(2,6389,10000)

0     5007948
M(2,6397,10000)

0     5007948
M(2,6421,10000)

0     5007948
M(2,6427,10000)

0     5007948
M(2,6449,10000)

0     5007948
M(2,6451,10000)

0     5007948
M(2,6469,10000)

0     5007948
M(2,6473,10000)

0     5007948
M(2,6481,10000)

0     5007948
M(2,6491,10000)

0     5007948
M(2,6521,10000)

0     5007948
M(2,6529,10000)

0     5007948
M(2,6547,10000)

0     5007948
M(2,6551,10000)

0     5007948
M(2,6553,10000)

0     5007948
M(2,6563,10000)

0     5007948
M(2,6569,10000)

0     5007948
M(2,6571,10000)

0     5007948
M(2,6577,10000)

0     5007948
M(2,6581,10000)

0     5007948
M(2,6599,10000)

0     5007948
M(2,6607,10000)

0     5007948
M(2,6619,10000)

0     5007948
M(2,6637,10000)

0     5007948
M(2,6653,10000)

0     5007948
M(2,6659,10000)

0     5007948
M(2,6661,10000)

0     5007948
M(2,6673,10000)

0     5007948
M(2,6679,10000)

0     5007948
M(2,6689,10000)

0     5007948
M(2,6691,10000)

0     5007948
M(2,6701,10000)

0     5007948
M(2,6703,10000)

0     5007948
M(2,6709,10000)

0     5007948
M(2,6719,10000)

0     5007948
M(2,6733,10000)

0     5007948
M(2,6737,10000)

0     5007948
M(2,6761,10000)

0     5007948
M(2,6763,10000)

0     5007948
M(2,6779,10000)

0     5007948
M(2,6781,10000)

0     5007948
M(2,6791,10000)

0     5007948
M(2,6793,10000)

0     5007948
M(2,6803,10000)

0     5007948
M(2,6823,10000)

0     5007948
M(2,6827,10000)

0     5007948
M(2,6829,10000)

0     5007948
M(2,6833,10000)

0     5007948
M(2,6841,10000)

0     5007948
M(2,6857,10000)

0     5007948
M(2,6863,10000)

0     5007948
M(2,6869,10000)

0     5007948
M(2,6871,10000)

0     5007948
M(2,6883,10000)

0     5007948
M(2,6899,10000)

0     5007948
M(2,6907,10000)

0     5007948
M(2,6911,10000)

0     5007948
M(2,6917,10000)

0     5007948
M(2,6947,10000)

0     5007948
M(2,6949,10000)

0     5007948
M(2,6959,10000)

0     5007948
M(2,6961,10000)

0     5007948
M(2,6967,10000)

0     5007948
M(2,6971,10000)

0     5007948
M(2,6977,10000)

0     5007948
M(2,6983,10000)

0     5007948
M(2,6991,10000)

0     5007948
M(2,6997,10000)

0     5007948
M(2,7001,10000)

0     5007948
M(2,7013,10000)

0     5007948
M(2,7019,10000)

0     5007948
M(2,7027,10000)

0     5007948
M(2,7039,10000)

0     5007948
M(2,7043,10000)

0     5007948
M(2,7057,10000)

0     5007948
M(2,7069,10000)

0     5007948
M(2,7079,10000)

0     5007948
M(2,7103,10000)

0     5007948
M(2,7109,10000)

0     5007948
M(2,7121,10000)

0     5007948
M(2,7127,10000)

0     5007948
M(2,7129,10000)

0     5007948
M(2,7151,10000)

0     5007948
M(2,7159,10000)

0     5007948
M(2,7177,10000)

0     5007948
M(2,7187,10000)

0     5007948
M(2,7193,10000)

0     5007948
M(2,7207,10000)

0     5007948
M(2,7211,10000)

0     5007948
M(2,7213,10000)

0     5007948
M(2,7219,10000)

0     5007948
M(2,7229,10000)

0     5007948
M(2,7237,10000)

0     5007948
M(2,7243,10000)

0     5007948
M(2,7247,10000)

0     5007948
M(2,7253,10000)

0     5007948
M(2,7283,10000)

0     5007948
M(2,7297,10000)

0     5007948
M(2,7307,10000)

0     5007948
M(2,7309,10000)

0     5007948
M(2,7321,10000)

0     5007948
M(2,7331,10000)

0     5007948
M(2,7333,10000)

0     5007948
M(2,7349,10000)

0     5007948
M(2,7351,10000)

0     5007948
M(2,7369,10000)

0     5007948
M(2,7393,10000)

0     5007948
M(2,7411,10000)

0     5007948
M(2,7417,10000)

0     5007948
M(2,7433,10000)

0     5007948
M(2,7451,10000)

0     5007948
M(2,7457,10000)

0     5007948
M(2,7459,10000)

0     5007948
M(2,7477,10000)

0     5007948
M(2,7481,10000)

0     5007948
M(2,7487,10000)

0     5007948
M(2,7489,10000)

0     5007948
M(2,7499,10000)

0     5007948
M(2,7507,10000)

0     5007948
M(2,7517,10000)

0     5007948
M(2,7523,10000)

0     5007948
M(2,7529,10000)

0     5007948
M(2,7537,10000)

0     5007948
M(2,7541,10000)

0     5007948
M(2,7547,10000)

0     5007948
M(2,7549,10000)

0     5007948
M(2,7559,10000)

0     5007948
M(2,7561,10000)

0     5007948
M(2,7573,10000)

0     5007948
M(2,7577,10000)

0     5007948
M(2,7583,10000)

0     5007948
M(2,7589,10000)

0     5007948
M(2,7591,10000)

0     5007948
M(2,7603,10000)

0     5007948
M(2,7607,10000)

0     5007948
M(2,7621,10000)

0     5007948
M(2,7639,10000)

0     5007948
M(2,7643,10000)

0     5007948
M(2,7649,10000)

0     5007948
M(2,7669,10000)

0     5007948
M(2,7673,10000)

0     5007948
M(2,7681,10000)

0     5007948
M(2,7687,10000)

0     5007948
M(2,7691,10000)

0     5007948
M(2,7699,10000)

0     5007948
M(2,7703,10000)

0     5007948
M(2,7717,10000)

0     5007948
M(2,7723,10000)

0     5007948
M(2,7727,10000)

0     5007948
M(2,7741,10000)

0     5007948
M(2,7753,10000)

0     5007948
M(2,7757,10000)

0     5007948
M(2,7759,10000)

0     5007948
M(2,7789,10000)

0     5007948
M(2,7793,10000)

0     5007948
M(2,7817,10000)

0     5007948
M(2,7823,10000)

0     5007948
M(2,7829,10000)

0     5007948
M(2,7841,10000)

0     5007948
M(2,7853,10000)

0     5007948
M(2,7867,10000)

0     5007948
M(2,7873,10000)

0     5007948
M(2,7877,10000)

0     5007948
M(2,7879,10000)

0     5007948
M(2,7883,10000)

0     5007948
M(2,7901,10000)

0     5007948
M(2,7907,10000)

0     5007948
M(2,7919,10000)

0     5007948
M(2,7927,10000)

0     5007948
M(2,7933,10000)

0     5007948
M(2,7937,10000)

0     5007948
M(2,7949,10000)

0     5007948
M(2,7951,10000)

0     5007948
M(2,7963,10000)

0     5007948
M(2,7993,10000)

0     5007948
M(2,8009,10000)

0     5007948
M(2,8011,10000)

0     5007948
M(2,8017,10000)

0     5007948
M(2,8039,10000)

0     5007948
M(2,8053,10000)

0     5007948
M(2,8059,10000)

0     5007948
M(2,8069,10000)

0     5007948
M(2,8081,10000)

0     5007948
M(2,8087,10000)

0     5007948
M(2,8089,10000)

0     5007948
M(2,8093,10000)

0     5007948
M(2,8101,10000)

0     5007948
M(2,8111,10000)

0     5007948
M(2,8117,10000)

0     5007948
M(2,8123,10000)

0     5007948
M(2,8147,10000)

0     5007948
M(2,8161,10000)

0     5007948
M(2,8167,10000)

0     5007948
M(2,8171,10000)

0     5007948
M(2,8179,10000)

0     5007948
M(2,8191,10000)

0     5007948
M(2,8209,10000)

0     5007948
M(2,8219,10000)

0     5007948
M(2,8221,10000)

0     5007948
M(2,8231,10000)

0     5007948
M(2,8233,10000)

0     5007948
M(2,8237,10000)

0     5007948
M(2,8243,10000)

0     5007948
M(2,8263,10000)

0     5007948
M(2,8269,10000)

0     5007948
M(2,8273,10000)

0     5007948
M(2,8287,10000)

0     5007948
M(2,8291,10000)

0     5007948
M(2,8293,10000)

0     5007948
M(2,8297,10000)

0     5007948
M(2,8311,10000)

0     5007948
M(2,8317,10000)

0     5007948
M(2,8329,10000)

0     5007948
M(2,8353,10000)

0     5007948
M(2,8363,10000)

0     5007948
M(2,8369,10000)

0     5007948
M(2,8377,10000)

0     5007948
M(2,8387,10000)

0     5007948
M(2,8389,10000)

0     5007948
M(2,8419,10000)

0     5007948
M(2,8423,10000)

0     5007948
M(2,8429,10000)

0     5007948
M(2,8431,10000)

0     5007948
M(2,8443,10000)

0     5007948
M(2,8447,10000)

0     5007948
M(2,8461,10000)

0     5007948
M(2,8467,10000)

0     5007948
M(2,8501,10000)

0     5007948
M(2,8513,10000)

0     5007948
M(2,8521,10000)

0     5007948
M(2,8527,10000)

0     5007948
M(2,8537,10000)

0     5007948
M(2,8539,10000)

0     5007948
M(2,8543,10000)

0     5007948
M(2,8563,10000)

0     5007948
M(2,8573,10000)

0     5007948
M(2,8581,10000)

0     5007948
M(2,8597,10000)

0     5007948
M(2,8599,10000)

0     5007948
M(2,8609,10000)

0     5007948
M(2,8623,10000)

0     5007948
M(2,8627,10000)

0     5007948
M(2,8629,10000)

0     5007948
M(2,8641,10000)

0     5007948
M(2,8647,10000)

0     5007948
M(2,8663,10000)

0     5007948
M(2,8669,10000)

0     5007948
M(2,8677,10000)

0     5007948
M(2,8681,10000)

0     5007948
M(2,8689,10000)

0     5007948
M(2,8693,10000)

0     5007948
M(2,8699,10000)

0     5007948
M(2,8707,10000)

0     5007948
M(2,8713,10000)

0     5007948
M(2,8719,10000)

0     5007948
M(2,8731,10000)

0     5007948
M(2,8737,10000)

0     5007948
M(2,8741,10000)

0     5007948
M(2,8747,10000)

0     5007948
M(2,8753,10000)

0     5007948
M(2,8761,10000)

0     5007948
M(2,8779,10000)

0     5007948
M(2,8783,10000)

0     5007948
M(2,8803,10000)

0     5007948
M(2,8807,10000)

0     5007948
M(2,8819,10000)

0     5007948
M(2,8821,10000)

0     5007948
M(2,8831,10000)

0     5007948
M(2,8837,10000)

0     5007948
M(2,8839,10000)

0     5007948
M(2,8849,10000)

0     5007948
M(2,8861,10000)

0     5007948
M(2,8863,10000)

0     5007948
M(2,8867,10000)

0     5007948
M(2,8887,10000)

0     5007948
M(2,8893,10000)

0     5007948
M(2,8923,10000)

0     5007948
M(2,8929,10000)

0     5007948
M(2,8933,10000)

0     5007948
M(2,8941,10000)

0     5007948
